   2.60050251 -257.92682345
   2.61306533 -257.92686676
   2.62562814 -257.92690788
   2.63819095 -257.92694702
   2.65075377 -257.92698437
   2.66331658 -257.92702004
   2.67587940 -257.92705412
   2.68844221 -257.92708661
   2.70100503 -257.92711753
   2.71356784 -257.92714678
   2.72613065 -257.92717435
   2.73869347 -257.92720011
   2.75125628 -257.92722402
   2.76381910 -257.92724602
   2.77638191 -257.92726605
   2.78894472 -257.92728416
   2.80150754 -257.92730038
   2.81407035 -257.92731478
   2.82663317 -257.92732748
   2.83919598 -257.92733861
   2.85175879 -257.92734834
   2.86432161 -257.92735683
   2.87688442 -257.92736427
   2.88944724 -257.92737085
   2.90201005 -257.92737673
   2.91457286 -257.92738206
   2.92713568 -257.92738699
   2.93969849 -257.92739161
   2.95226131 -257.92739604
   2.96482412 -257.92740032
   2.97738693 -257.92740453
   2.98994975 -257.92740867
   3.00251256 -257.92741281
   3.01507538 -257.92741691
   3.02763819 -257.92742104
   3.04020101 -257.92742513
   3.05276382 -257.92742922
   3.06532663 -257.92743324
   3.07788945 -257.92743719
   3.09045226 -257.92744095
   3.10301508 -257.92744450
   3.11557789 -257.92744777
   3.12814070 -257.92745064
   3.14070352 -257.92745304
   3.15326633 -257.92745492
   3.16582915 -257.92745621
   3.17839196 -257.92745690
   3.19095477 -257.92745700
   3.20351759 -257.92745654
   3.21608040 -257.92745557
   3.22864322 -257.92745418
   3.24120603 -257.92745243
   3.25376884 -257.92745045
   3.26633166 -257.92744829
   3.27889447 -257.92744608
   3.29145729 -257.92744388
   3.30402010 -257.92744178
   3.31658291 -257.92743981
   3.32914573 -257.92743804
   3.34170854 -257.92743648
   3.35427136 -257.92743516
   3.36683417 -257.92743406
   3.37939698 -257.92743321
   3.39195980 -257.92743255
   3.40452261 -257.92743209
   3.41708543 -257.92743177
   3.42964824 -257.92743159
   3.44221106 -257.92743150
   3.45477387 -257.92743150
   3.46733668 -257.92743155
   3.47989950 -257.92743168
   3.49246231 -257.92743183
   3.50502513 -257.92743206
   3.51758794 -257.92743230
   3.53015075 -257.92743255
   3.54271357 -257.92743277
   3.55527638 -257.92743294
   3.56783920 -257.92743298
   3.58040201 -257.92743288
   3.59296482 -257.92743258
   3.60552764 -257.92743206
   3.61809045 -257.92743131
   3.63065327 -257.92743031
   3.64321608 -257.92742911
   3.65577889 -257.92742774
   3.66834171 -257.92742625
   3.68090452 -257.92742469
   3.69346734 -257.92742312
   3.70603015 -257.92742159
   3.71859296 -257.92742014
   3.73115578 -257.92741883
   3.74371859 -257.92741769
   3.75628141 -257.92741673
   3.76884422 -257.92741600
   3.78140704 -257.92741549
   3.79396985 -257.92741523
   3.80653266 -257.92741519
   3.81909548 -257.92741539
   3.83165829 -257.92741580
   3.84422111 -257.92741641
   3.85678392 -257.92741719
   3.86934673 -257.92741811
   3.88190955 -257.92741914
   3.89447236 -257.92742024
   3.90703518 -257.92742138
   3.91959799 -257.92742252
   3.93216080 -257.92742364
   3.94472362 -257.92742471
   3.95728643 -257.92742573
   3.96984925 -257.92742668
   3.98241206 -257.92742757
   3.99497487 -257.92742842
   4.00753769 -257.92742923
   4.02010050 -257.92743001
   4.03266332 -257.92743072
   4.04522613 -257.92743136
   4.05778894 -257.92743187
   4.07035176 -257.92743226
   4.08291457 -257.92743253
   4.09547739 -257.92743269
   4.10804020 -257.92743268
   4.12060302 -257.92743254
   4.13316583 -257.92743223
   4.14572864 -257.92743181
   4.15829146 -257.92743129
   4.17085427 -257.92743071
   4.18341709 -257.92743008
   4.19597990 -257.92742947
   4.20854271 -257.92742888
   4.22110553 -257.92742835
   4.23366834 -257.92742790
   4.24623116 -257.92742756
   4.25879397 -257.92742732
   4.27135678 -257.92742723
   4.28391960 -257.92742727
   4.29648241 -257.92742747
   4.30904523 -257.92742781
   4.32160804 -257.92742829
   4.33417085 -257.92742892
   4.34673367 -257.92742968
   4.35929648 -257.92743057
   4.37185930 -257.92743156
   4.38442211 -257.92743265
   4.39698492 -257.92743381
   4.40954774 -257.92743502
   4.42211055 -257.92743626
   4.43467337 -257.92743750
   4.44723618 -257.92743872
   4.45979899 -257.92743990
   4.47236181 -257.92744102
   4.48492462 -257.92744206
   4.49748744 -257.92744302
   4.51005025 -257.92744387
   4.52261307 -257.92744461
   4.53517588 -257.92744524
   4.54773869 -257.92744576
   4.56030151 -257.92744618
   4.57286432 -257.92744651
   4.58542714 -257.92744675
   4.59798995 -257.92744690
   4.61055276 -257.92744694
   4.62311558 -257.92744686
   4.63567839 -257.92744668
   4.64824121 -257.92744639
   4.66080402 -257.92744603
   4.67336683 -257.92744559
   4.68592965 -257.92744506
   4.69849246 -257.92744444
   4.71105528 -257.92744375
   4.72361809 -257.92744300
   4.73618090 -257.92744220
   4.74874372 -257.92744137
   4.76130653 -257.92744052
   4.77386935 -257.92743966
   4.78643216 -257.92743882
   4.79899497 -257.92743801
   4.81155779 -257.92743724
   4.82412060 -257.92743653
   4.83668342 -257.92743589
   4.84924623 -257.92743534
   4.86180905 -257.92743488
   4.87437186 -257.92743452
   4.88693467 -257.92743428
   4.89949749 -257.92743414
   4.91206030 -257.92743411
   4.92462312 -257.92743420
   4.93718593 -257.92743440
   4.94974874 -257.92743471
   4.96231156 -257.92743513
   4.97487437 -257.92743564
   4.98743719 -257.92743624
   5.00000000 -257.92743691