   2.90816327 -257.68635262
   2.95918367 -257.68638288
   3.01020408 -257.68640460
   3.06122449 -257.68641974
   3.11224490 -257.68642984
   3.16326531 -257.68643611
   3.21428571 -257.68643949
   3.26530612 -257.68644073
   3.31632653 -257.68644040
   3.36734694 -257.68643894
   3.41836735 -257.68643667
   3.46938776 -257.68643388
   3.52040816 -257.68643074
   3.57142857 -257.68642740
   3.62244898 -257.68642399
   3.67346939 -257.68642057
   3.72448980 -257.68641722
   3.77551020 -257.68641397
   3.82653061 -257.68641086
   3.87755102 -257.68640791
   3.92857143 -257.68640513
   3.97959184 -257.68640253
   4.03061224 -257.68640011
   4.08163265 -257.68639787
   4.13265306 -257.68639580
   4.18367347 -257.68639390
   4.23469388 -257.68639216
   4.28571429 -257.68639057
   4.33673469 -257.68638911
   4.38775510 -257.68638778
   4.43877551 -257.68638657
   4.48979592 -257.68638546
   4.54081633 -257.68638445
   4.59183673 -257.68638353
   4.64285714 -257.68638269
   4.69387755 -257.68638192
   4.74489796 -257.68638122
   4.79591837 -257.68638058
   4.84693878 -257.68638000
   4.89795918 -257.68637946
   4.94897959 -257.68637897
   5.00000000 -257.68637852