   2.60050251 -257.92707704
   2.61306533 -257.92711847
   2.62562814 -257.92715768
   2.63819095 -257.92719488
   2.65075377 -257.92723027
   2.66331658 -257.92726395
   2.67587940 -257.92729603
   2.68844221 -257.92732648
   2.70100503 -257.92735533
   2.71356784 -257.92738250
   2.72613065 -257.92740796
   2.73869347 -257.92743159
   2.75125628 -257.92745336
   2.76381910 -257.92747319
   2.77638191 -257.92749103
   2.78894472 -257.92750693
   2.80150754 -257.92752093
   2.81407035 -257.92753309
   2.82663317 -257.92754354
   2.83919598 -257.92755240
   2.85175879 -257.92755984
   2.86432161 -257.92756604
   2.87688442 -257.92757118
   2.88944724 -257.92757543
   2.90201005 -257.92757899
   2.91457286 -257.92758198
   2.92713568 -257.92758457
   2.93969849 -257.92758685
   2.95226131 -257.92758892
   2.96482412 -257.92759084
   2.97738693 -257.92759269
   2.98994975 -257.92759447
   3.00251256 -257.92759625
   3.01507538 -257.92759799
   3.02763819 -257.92759975
   3.04020101 -257.92760149
   3.05276382 -257.92760323
   3.06532663 -257.92760490
   3.07788945 -257.92760650
   3.09045226 -257.92760793
   3.10301508 -257.92760915
   3.11557789 -257.92761009
   3.12814070 -257.92761065
   3.14070352 -257.92761075
   3.15326633 -257.92761034
   3.16582915 -257.92760935
   3.17839196 -257.92760778
   3.19095477 -257.92760562
   3.20351759 -257.92760293
   3.21608040 -257.92759974
   3.22864322 -257.92759614
   3.24120603 -257.92759220
   3.25376884 -257.92758804
   3.26633166 -257.92758373
   3.27889447 -257.92757939
   3.29145729 -257.92757507
   3.30402010 -257.92757087
   3.31658291 -257.92756682
   3.32914573 -257.92756300
   3.34170854 -257.92755940
   3.35427136 -257.92755607
   3.36683417 -257.92755298
   3.37939698 -257.92755016
   3.39195980 -257.92754755
   3.40452261 -257.92754517
   3.41708543 -257.92754295
   3.42964824 -257.92754089
   3.44221106 -257.92753894
   3.45477387 -257.92753712
   3.46733668 -257.92753536
   3.47989950 -257.92753370
   3.49246231 -257.92753209
   3.50502513 -257.92753059
   3.51758794 -257.92752911
   3.53015075 -257.92752768
   3.54271357 -257.92752623
   3.55527638 -257.92752477
   3.56783920 -257.92752320
   3.58040201 -257.92752150
   3.59296482 -257.92751964
   3.60552764 -257.92751758
   3.61809045 -257.92751530
   3.63065327 -257.92751281
   3.64321608 -257.92751014
   3.65577889 -257.92750732
   3.66834171 -257.92750441
   3.68090452 -257.92750144
   3.69346734 -257.92749849
   3.70603015 -257.92749561
   3.71859296 -257.92749283
   3.73115578 -257.92749020
   3.74371859 -257.92748777
   3.75628141 -257.92748555
   3.76884422 -257.92748358
   3.78140704 -257.92748185
   3.79396985 -257.92748038
   3.80653266 -257.92747916
   3.81909548 -257.92747819
   3.83165829 -257.92747746
   3.84422111 -257.92747696
   3.85678392 -257.92747664
   3.86934673 -257.92747648
   3.88190955 -257.92747645
   3.89447236 -257.92747651
   3.90703518 -257.92747662
   3.91959799 -257.92747676
   3.93216080 -257.92747689
   3.94472362 -257.92747700
   3.95728643 -257.92747707
   3.96984925 -257.92747709
   3.98241206 -257.92747706
   3.99497487 -257.92747701
   4.00753769 -257.92747694
   4.02010050 -257.92747686
   4.03266332 -257.92747673
   4.04522613 -257.92747653
   4.05778894 -257.92747623
   4.07035176 -257.92747582
   4.08291457 -257.92747529
   4.09547739 -257.92747468
   4.10804020 -257.92747392
   4.12060302 -257.92747303
   4.13316583 -257.92747200
   4.14572864 -257.92747087
   4.15829146 -257.92746964
   4.17085427 -257.92746837
   4.18341709 -257.92746708
   4.19597990 -257.92746580
   4.20854271 -257.92746456
   4.22110553 -257.92746340
   4.23366834 -257.92746232
   4.24623116 -257.92746136
   4.25879397 -257.92746053
   4.27135678 -257.92745985
   4.28391960 -257.92745931
   4.29648241 -257.92745895
   4.30904523 -257.92745873
   4.32160804 -257.92745867
   4.33417085 -257.92745876
   4.34673367 -257.92745900
   4.35929648 -257.92745937
   4.37185930 -257.92745986
   4.38442211 -257.92746045
   4.39698492 -257.92746113
   4.40954774 -257.92746186
   4.42211055 -257.92746263
   4.43467337 -257.92746341
   4.44723618 -257.92746419
   4.45979899 -257.92746493
   4.47236181 -257.92746561
   4.48492462 -257.92746623
   4.49748744 -257.92746677
   4.51005025 -257.92746721
   4.52261307 -257.92746755
   4.53517588 -257.92746779
   4.54773869 -257.92746793
   4.56030151 -257.92746797
   4.57286432 -257.92746793
   4.58542714 -257.92746781
   4.59798995 -257.92746759
   4.61055276 -257.92746728
   4.62311558 -257.92746687
   4.63567839 -257.92746635
   4.64824121 -257.92746573
   4.66080402 -257.92746504
   4.67336683 -257.92746428
   4.68592965 -257.92746344
   4.69849246 -257.92746251
   4.71105528 -257.92746152
   4.72361809 -257.92746048
   4.73618090 -257.92745939
   4.74874372 -257.92745827
   4.76130653 -257.92745714
   4.77386935 -257.92745601
   4.78643216 -257.92745490
   4.79899497 -257.92745382
   4.81155779 -257.92745280
   4.82412060 -257.92745183
   4.83668342 -257.92745095
   4.84924623 -257.92745015
   4.86180905 -257.92744945
   4.87437186 -257.92744886
   4.88693467 -257.92744838
   4.89949749 -257.92744801
   4.91206030 -257.92744776
   4.92462312 -257.92744764
   4.93718593 -257.92744762
   4.94974874 -257.92744772
   4.96231156 -257.92744793
   4.97487437 -257.92744823
   4.98743719 -257.92744863
   5.00000000 -257.92744911